name;price;com_count;note;full_link;image
Kişiye Özel İsimli Orjinal Akik Taşı Tesbih;99.00;400;Aynı Gün Teslimat Seçeneği;https://www.ciceksepeti.com/isimli-tesbih-kisiye-ozel-orjinal-akik-tasi-kc713145;https://cdn03.ciceksepeti.com/cicek/kc713145-1/M/kisiye-ozel-isimli-orjinal-akik-tasi-tesbih-kc713145-1-8d72f9a9fb45306-1fbb7d13.jpg
Kişiye Özel Akik Taşı İsimli Tesbih Ahşap Kutulu;99.90;174;Aynı Gün Teslimat Seçeneği;https://www.ciceksepeti.com/kisiye-ozel-akik-tasi-isimli-tesbih-damarli-model-kc435287;https://cdn03.ciceksepeti.com/cicek/kc435287-1/M/kisiye-ozel-akik-tasi-isimli-tesbih-ahsap-kutulu-kc435287-1-8d72f9a9e190b79-a4497bf9.jpg
Kişiye Özel İsimli Tesbih;59.00;135;Aynı Gün Teslimat Seçeneği;https://www.ciceksepeti.com/kisiye-ozel-isimli-tesbih-kc378158;https://cdn03.ciceksepeti.com/cicek/kc378158-1/M/kisiye-ozel-isimli-tesbih-kc378158-1-4.jpg
kişiye özel orjinal hematit taş tesbih ve kişiye özel isimli çakmak  - kutulu;64.99;100;Ücretsiz Kargo;https://www.ciceksepeti.com/kisiye-ozel-orjinal-hematit-tas-tesbih-ve-kisiye-ozel-isimli-cakmak----kutulu-kc5911657;https://cdn03.ciceksepeti.com/cicek/kc5911657-1/M/kisiye-ozel-orjinal-hematit-tas-tesbih-ve-kisiye-ozel-isimli-cakmak----kutulu-kc5911657-1-6a8141a2f24f495395605b5897ea3bc4.jpg
